(title "X Velocity")
(labels "Position" "X Velocity")

((xy/key/label "cilindro")
-11.398	0
-11.3987	0
-11.401	0
-11.4049	0
-11.4103	0
-11.4172	0
-11.4256	0
-11.4355	0
-11.4469	0
-11.4598	0
-11.4741	0
-11.4898	0
-11.5069	0
-11.5255	0
-11.5453	0
-11.5665	0
-11.589	0
-11.6127	0
-11.6376	0
-11.6636	0
-11.6908	0
-11.7191	0
-11.7485	0
-11.7788	0
-11.8102	0
-11.8424	0
-11.8755	0
-11.9094	0
-11.944	0
-11.9794	0
-12.0153	0
-12.0519	0
-12.089	0
-12.1266	0
-12.1646	0
-12.2029	0
-12.2416	0
-12.2805	0
-12.3195	0
-12.3587	0
-12.3979	0
-12.4372	0
-12.4764	0
-12.5154	0
-12.5543	0
-12.5929	0
-12.6314	0
-12.6694	0
-12.7069	0
-12.744	0
-12.7806	0
-12.8165	0
-12.8519	0
-12.8865	0
-12.9204	0
-12.9534	0
-12.9856	0
-13.017	0
-13.0474	0
-13.0768	0
-13.1051	0
-13.1324	0
-13.1585	0
-13.1834	0
-13.2071	0
-13.2296	0
-13.2507	0
-13.2706	0
-13.2891	0
-13.3062	0
-13.3219	0
-13.3362	0
-13.3491	0
-13.3605	0
-13.3704	0
-13.3788	0
-13.3857	0
-13.3911	0
-13.3949	0
-13.3972	0
-13.398	0
)

((xy/key/label "eje")
-13.398	0
-13.4395	0.0141835
-13.487	0.038685
-13.5455	0.0796212
-13.6133	0.135971
-13.6866	0.200274
-13.7602	0.264232
-13.8338	0.325006
-13.9074	0.381366
-13.981	0.432894
-14.0546	0.479638
-14.1283	0.521888
-14.2019	0.560036
-14.2755	0.594506
-14.3491	0.625703
-14.4227	0.654006
-14.4963	0.679751
-14.5699	0.703231
-14.6435	0.724704
-14.7171	0.744391
-14.7907	0.762486
-14.8643	0.779156
-14.9379	0.794548
-15.0115	0.808788
-15.0851	0.821989
-15.1587	0.834248
-15.2323	0.845648
-15.3059	0.856267
-15.3795	0.866171
-15.4531	0.87542
-15.5267	0.884067
-15.6003	0.892161
-15.674	0.899744
-15.7476	0.906854
-15.8212	0.913525
-15.8948	0.919789
-15.9684	0.925673
-16.042	0.931203
-16.1156	0.936402
-16.1892	0.941292
-16.2628	0.945892
-16.3364	0.950219
-16.41	0.954289
-16.4836	0.958117
-16.5572	0.961715
-16.6308	0.965097
-16.7044	0.968273
-16.778	0.971253
-16.8516	0.974047
-16.9252	0.976664
-16.9988	0.979111
-17.0724	0.981396
-17.146	0.983525
-17.2196	0.985505
-17.2932	0.98734
-17.3669	0.989036
-17.4405	0.990597
-17.5141	0.992027
-17.5877	0.99333
-17.6613	0.99451
-17.7349	0.995568
-17.8085	0.996508
-17.8821	0.997332
-17.9557	0.998041
-18.0293	0.998637
-18.1029	0.999122
-18.1765	0.999496
-18.2501	0.999758
-18.3237	0.999916
-18.398	1
3.60204	0.641373
3.49789	0.640055
3.39375	0.637951
3.28961	0.636084
3.18548	0.634031
3.08134	0.631999
2.97721	0.629904
2.87308	0.627794
2.76894	0.625639
2.66481	0.623457
2.56067	0.621238
2.45654	0.618987
2.3524	0.616702
2.24827	0.614384
2.14413	0.612033
2.04	0.60965
1.93587	0.607234
1.83173	0.604785
1.7276	0.602303
1.62346	0.599789
1.51933	0.597241
1.41519	0.59466
1.31106	0.592046
1.20692	0.589397
1.10279	0.586714
0.998655	0.583996
0.89452	0.581243
0.790386	0.578454
0.686251	0.575628
0.582117	0.572766
0.477982	0.569866
0.373848	0.566928
0.269713	0.563951
0.165579	0.560935
0.0614443	0.557879
-0.0426902	0.554782
-0.146825	0.551643
-0.250959	0.548463
-0.355094	0.545239
-0.459228	0.541972
-0.563363	0.53866
-0.667497	0.535303
-0.771632	0.5319
-0.875766	0.52845
-0.979901	0.524952
-1.08404	0.521406
-1.18817	0.51781
-1.2923	0.514164
-1.39644	0.510466
-1.50057	0.506716
-1.60471	0.502912
-1.70884	0.499054
-1.81298	0.495142
-1.91711	0.491174
-2.02125	0.487149
-2.12538	0.483065
-2.22951	0.478922
-2.33365	0.474719
-2.43778	0.470454
-2.54192	0.466127
-2.64605	0.461736
-2.75019	0.457282
-2.85432	0.452763
-2.95846	0.448177
-3.06259	0.443523
-3.16673	0.4388
-3.27086	0.434006
-3.37499	0.429141
-3.47913	0.424204
-3.58326	0.419194
-3.6874	0.414109
-3.79153	0.40895
-3.89567	0.403713
-3.9998	0.398398
-4.10394	0.393004
-4.20807	0.387529
-4.3122	0.381973
-4.41634	0.376335
-4.52047	0.370614
-4.62461	0.364809
-4.72874	0.358919
-4.83288	0.352943
-4.93701	0.346879
-5.04115	0.340727
-5.14528	0.334486
-5.24942	0.328156
-5.35355	0.321735
-5.45768	0.315225
-5.56182	0.308623
-5.66595	0.30193
-5.77009	0.295144
-5.87422	0.288265
-5.97836	0.281294
-6.08249	0.27423
-6.18663	0.267074
-6.29076	0.259825
-6.3949	0.252485
-6.49903	0.245054
-6.60316	0.237532
-6.7073	0.22992
-6.81143	0.22222
-6.91557	0.214433
-7.0197	0.206561
-7.12384	0.198606
-7.22797	0.190572
-7.33211	0.18246
-7.43624	0.174275
-7.54037	0.166019
-7.64451	0.157697
-7.74864	0.149314
-7.85278	0.140874
-7.95691	0.132385
-8.06105	0.123853
-8.16518	0.115287
-8.26932	0.106694
-8.37345	0.0980844
-8.47758	0.0894696
-8.58172	0.080862
-8.68585	0.0722761
-8.78999	0.0637282
-8.89412	0.0552368
-8.99826	0.046823
-9.10239	0.03851
-9.20653	0.0303243
-9.31066	0.0222962
-9.4148	0.0144602
-9.51893	0.00685623
-9.62306	-0.000469944
-9.7272	-0.00746514
-9.83133	-0.0140683
-9.93547	-0.020207
-10.0396	-0.0258006
-10.1437	-0.0307481
-10.2479	-0.0349441
-10.352	-0.0382351
-10.4561	-0.040501
-10.5603	-0.0416037
-10.6644	-0.0412504
-10.7685	-0.0392982
-10.8727	-0.0356392
-10.9768	-0.030138
-11.0772	-0.0231409
-11.1676	-0.0157791
-11.2439	-0.0093018
-11.3056	-0.00456512
-11.356	-0.00159663
-11.398	0
)
